Matriz 1
2 8 2 6 1 8 9 1 5 3 8 8 6 4 7 5 2 2 6 3 8 7 2 1 0 6 1 4 5 5 3 2 8 3 7 3 2 7 2 6 
7 2 8 1 9 8 9 1 9 2 3 6 9 4 4 7 5 4 0 9 4 4 0 3 2 0 6 7 4 0 4 4 8 6 6 1 9 5 5 2 
9 7 4 4 8 9 3 6 1 4 4 9 5 4 8 0 3 8 4 6 8 1 0 6 4 3 0 5 1 6 7 0 8 0 2 9 3 5 2 7 
7 8 4 5 4 7 1 6 0 5 5 5 9 4 7 9 3 5 4 8 5 5 7 1 1 3 4 9 3 6 9 8 8 5 6 4 0 3 2 0 
4 3 7 4 9 5 2 3 0 5 3 0 9 6 9 8 5 4 7 7 4 6 1 9 8 7 3 0 3 8 8 0 1 9 6 6 4 9 4 6 
2 9 5 1 9 6 8 2 3 1 2 2 2 1 0 3 7 3 3 5 7 1 2 9 9 6 0 8 3 3 3 0 1 6 1 1 7 9 0 4 
9 0 2 6 4 0 0 1 8 1 1 3 7 0 2 0 8 8 3 7 8 8 2 3 8 5 9 1 4 7 8 2 1 8 7 5 7 7 4 0 
6 5 5 5 9 8 1 6 5 9 4 1 2 1 0 2 1 6 7 8 6 6 0 2 2 1 1 8 2 2 4 3 5 4 2 1 2 6 2 2 
4 3 8 1 6 5 0 8 1 0 8 2 2 6 0 3 6 4 3 6 1 2 3 0 4 0 5 4 6 7 3 5 9 5 9 4 7 7 8 9 
2 8 7 0 6 1 7 2 1 3 1 5 3 0 4 5 2 9 9 2 8 9 5 6 1 0 6 2 4 4 6 7 6 0 9 2 2 5 7 7 
2 4 9 1 2 4 6 9 2 9 7 1 7 9 1 4 1 5 6 6 5 9 5 5 3 3 9 2 4 2 3 0 6 6 3 3 8 1 4 5 
4 7 8 2 6 9 3 5 6 4 0 1 1 4 2 2 2 4 3 5 4 8 6 9 9 6 2 7 4 0 4 9 3 9 3 8 0 7 4 3 
5 4 0 2 8 5 6 2 0 1 9 4 0 9 4 2 5 9 3 3 8 7 6 8 3 2 3 3 2 2 8 7 4 0 0 2 6 4 0 1 
8 0 4 9 9 6 6 4 2 9 1 4 4 2 7 3 1 1 9 3 2 9 6 3 1 6 8 3 5 7 3 2 6 1 4 0 7 1 7 6 
8 3 7 9 4 6 1 1 3 6 0 0 8 2 5 5 5 2 7 4 9 0 3 3 7 8 8 6 9 5 1 1 4 8 4 5 9 0 9 1 
6 8 9 7 5 6 7 5 1 3 2 5 5 8 2 5 0 6 9 1 8 6 4 9 1 5 2 9 8 4 8 2 4 1 4 2 9 0 2 1 
3 1 9 4 0 4 1 1 7 3 5 6 4 1 7 3 1 7 0 3 4 1 6 3 8 7 4 0 2 0 6 2 0 1 4 3 4 6 1 5 
0 5 1 6 9 7 4 4 2 9 3 6 0 1 7 5 4 4 0 2 1 6 2 3 9 4 4 4 7 1 6 2 1 9 2 2 4 0 2 4 
6 7 0 2 1 2 1 0 4 5 5 2 5 9 1 0 3 4 3 6 1 4 7 9 7 2 4 6 4 1 1 6 4 3 9 6 9 0 8 4 
6 2 5 3 5 6 8 3 8 4 9 2 4 9 4 9 4 3 3 3 5 8 6 0 2 4 8 3 1 4 0 7 9 7 1 4 4 0 9 7 
8 7 1 8 9 1 1 7 2 7 9 0 9 3 4 5 5 0 7 3 4 7 8 8 5 5 2 7 9 3 7 1 3 3 3 9 6 7 7 6 
5 6 9 0 0 8 4 1 3 2 4 8 5 6 4 7 5 9 3 9 5 2 8 3 0 2 3 8 7 5 0 3 9 4 3 7 2 4 7 6 
4 6 0 8 3 3 9 3 9 5 3 7 6 3 8 1 0 4 3 4 8 2 5 9 7 1 1 1 1 1 5 6 3 0 5 7 3 6 9 5 
3 9 9 5 8 2 3 3 3 7 1 6 8 7 3 8 3 6 2 8 9 8 3 5 1 8 1 1 3 1 5 8 9 7 7 5 8 3 0 3 
4 6 0 8 0 3 3 8 7 5 3 4 6 6 9 8 2 2 6 9 3 6 5 8 4 0 8 0 6 3 9 1 9 6 5 7 9 5 4 0 
3 7 7 8 7 2 6 1 1 5 5 0 0 1 3 6 4 2 2 6 5 9 7 9 0 9 9 3 7 9 8 1 8 4 6 5 6 5 6 3 
1 7 4 5 6 6 9 8 3 1 9 6 2 8 0 9 1 5 8 1 6 0 8 4 4 6 3 1 7 5 8 0 5 6 9 1 8 0 5 1 
3 7 3 1 1 2 8 8 2 9 6 7 7 1 6 6 1 6 2 9 8 4 5 2 1 9 8 3 7 2 9 5 3 9 2 1 9 1 0 4 
9 2 3 6 1 8 8 5 8 0 5 6 1 4 3 7 4 3 6 2 0 3 6 2 8 8 8 0 3 5 5 2 5 8 7 4 4 7 8 5 
6 2 9 8 9 3 8 7 7 0 0 5 4 7 7 1 8 2 9 4 5 6 0 1 1 2 8 8 4 9 9 7 7 9 1 7 5 2 9 3 
8 5 6 3 0 4 4 1 2 9 8 2 4 1 0 5 3 7 6 2 4 0 0 3 4 8 3 6 5 0 3 6 9 7 7 4 9 3 8 4 
2 5 3 2 2 6 1 5 1 8 7 3 1 9 6 2 7 6 3 3 3 3 5 7 4 6 2 1 9 3 6 5 9 6 2 3 0 3 9 3 
9 8 0 5 2 4 9 4 3 6 1 4 7 0 8 2 4 3 4 3 0 7 0 2 5 2 7 1 6 4 4 6 1 4 9 4 8 2 4 8 
3 7 1 0 1 5 4 7 2 4 0 6 2 3 6 8 3 4 8 5 2 9 4 5 0 2 1 3 0 2 9 7 1 1 0 1 9 4 8 3 
2 3 8 9 6 6 5 1 0 8 3 7 1 8 2 2 1 0 5 0 2 0 2 5 8 7 4 7 8 9 9 7 0 2 0 2 0 3 5 9 
6 8 3 0 2 3 6 6 1 5 2 7 1 7 3 2 5 3 8 1 6 6 7 2 2 4 8 0 4 8 9 0 4 5 1 7 3 4 7 4 
8 7 2 6 0 8 8 5 9 8 9 2 1 5 8 2 0 5 1 3 0 2 5 4 8 8 9 2 2 3 1 0 8 5 2 5 5 3 8 8 
1 8 9 5 1 5 5 5 4 6 2 0 1 9 3 0 3 0 0 6 8 6 0 9 4 2 1 5 6 6 3 9 6 6 0 1 8 4 3 4 
3 6 1 0 0 1 4 6 3 0 7 2 1 6 4 4 1 5 5 3 6 3 7 5 2 7 9 6 2 9 5 7 7 0 1 0 0 4 3 3 
8 8 3 5 9 3 2 2 6 2 7 9 8 0 6 0 5 7 3 8 8 8 6 2 4 2 1 3 9 3 6 5 4 6 8 3 9 9 3 0 

Matriz 2
7 2 8 7 7 8 6 2 9 6 4 4 7 3 2 0 5 6 0 7 4 9 9 9 7 8 6 0 0 2 3 7 7 4 8 7 1 5 8 4 
2 1 9 3 6 4 0 8 4 9 6 7 3 3 1 3 1 6 5 0 9 3 8 1 8 7 9 7 3 8 7 0 8 1 7 0 7 9 1 8 
5 7 4 8 6 4 3 3 4 9 7 3 7 0 6 9 8 7 2 4 5 3 9 1 3 0 2 5 9 1 8 1 8 3 6 2 2 3 4 8 
0 9 3 6 3 3 0 2 7 3 6 1 3 1 3 6 9 0 0 0 7 9 2 0 8 8 0 5 4 2 7 3 4 2 3 2 0 0 4 5 
5 8 3 3 2 8 4 0 8 6 9 6 3 3 8 3 2 4 0 6 5 6 0 1 4 4 0 3 8 5 7 5 4 0 9 1 2 5 8 5 
5 8 9 1 9 7 6 1 1 9 9 6 2 8 9 5 2 4 6 4 3 8 5 5 1 1 9 4 1 5 8 2 5 6 2 1 4 9 8 9 
1 2 0 5 1 9 3 3 7 2 2 9 4 9 5 4 2 0 6 9 7 0 9 1 4 0 8 8 1 6 7 6 0 4 7 7 3 9 2 3 
5 5 8 9 2 8 2 3 7 2 7 1 8 7 3 8 9 6 1 6 8 7 3 7 4 6 2 3 1 4 4 5 9 2 4 8 7 4 0 6 
3 7 3 0 3 0 0 7 4 3 3 0 0 7 0 7 8 4 7 9 3 3 0 6 2 4 4 8 2 8 0 9 2 2 1 2 6 2 0 4 
1 0 4 3 7 1 9 8 7 2 7 8 4 1 1 9 5 9 9 7 6 7 1 8 9 4 7 1 4 8 9 0 8 5 4 7 3 9 3 8 
0 0 6 3 5 8 3 2 1 3 3 0 8 4 9 3 8 0 8 8 2 1 0 9 6 0 6 6 4 5 6 4 5 2 4 8 2 4 8 7 
0 5 0 2 4 9 9 9 3 1 7 8 4 5 0 8 1 1 8 9 5 9 5 5 5 9 0 3 2 9 2 8 3 9 5 8 9 8 8 5 
0 7 4 6 4 4 5 2 2 4 1 1 3 5 3 9 9 7 3 3 9 4 9 6 1 2 8 5 3 8 5 3 6 7 5 0 9 2 5 6 
5 3 4 8 1 9 5 0 6 4 3 8 0 5 5 6 3 5 0 0 1 0 5 0 2 3 2 2 5 4 2 4 4 7 6 8 9 5 4 8 
2 6 6 2 8 7 9 9 4 9 6 7 1 7 0 3 9 2 1 1 2 2 3 6 0 7 8 8 1 6 3 6 3 1 4 6 5 2 4 8 
9 6 4 8 2 9 7 1 6 7 8 3 8 6 9 8 3 1 3 7 7 5 3 5 2 6 0 7 7 2 1 0 9 5 2 2 8 4 9 5 
6 5 1 9 0 1 6 7 3 2 5 5 6 8 2 0 7 2 2 0 7 6 5 3 8 3 4 0 1 2 3 9 0 0 6 8 6 2 2 1 
5 6 7 5 8 5 0 6 7 8 2 9 3 4 9 7 2 7 2 9 0 5 2 6 2 4 2 7 7 4 6 2 8 1 4 3 8 8 4 3 
8 3 3 8 3 7 6 4 1 7 7 1 5 7 3 9 0 6 6 6 0 5 6 3 5 5 7 2 6 5 4 5 1 9 9 3 2 8 9 7 
8 1 9 1 4 8 5 4 8 9 2 1 2 2 5 0 4 1 8 0 1 3 4 4 6 2 8 2 4 5 5 6 1 4 0 6 5 0 2 3 
3 6 2 4 4 1 9 1 6 3 4 3 2 0 2 4 3 9 0 6 7 5 6 0 8 4 7 1 2 5 8 2 1 3 9 9 9 4 7 2 
1 7 5 0 5 7 9 9 5 8 4 2 5 4 4 0 5 6 0 3 7 1 3 3 7 6 0 8 6 1 4 8 3 4 5 0 1 3 7 7 
8 8 4 9 3 3 6 9 8 4 5 8 1 3 9 4 7 2 3 8 7 0 7 7 6 3 8 8 6 1 4 7 0 9 6 6 1 8 7 6 
9 5 2 1 8 6 0 8 5 0 7 6 4 9 4 9 7 5 1 2 2 4 4 8 2 5 7 2 0 7 9 0 4 3 5 8 4 3 0 1 
1 6 0 4 1 7 1 2 5 6 0 3 9 6 9 4 6 3 0 9 2 6 6 4 5 7 6 4 8 7 3 1 5 8 5 9 5 4 6 8 
0 1 9 5 3 8 6 5 8 9 4 5 5 6 2 9 3 1 2 1 1 1 2 0 4 6 9 1 4 2 5 3 4 2 3 4 4 3 4 9 
5 2 0 3 4 5 9 7 4 2 6 5 3 0 4 1 8 7 0 5 9 5 0 4 5 4 4 5 2 7 7 9 7 6 9 5 3 7 6 1 
7 6 9 2 9 9 2 3 6 1 2 4 9 4 2 9 3 6 9 3 1 6 2 7 3 7 8 7 5 5 8 3 3 6 8 3 6 5 5 3 
5 7 6 3 8 2 3 2 7 1 3 7 7 4 8 4 0 9 9 9 1 8 9 5 4 3 4 1 4 8 5 9 7 3 3 9 7 0 2 6 
3 6 4 5 3 6 8 5 7 4 4 4 5 4 2 5 5 9 0 0 0 4 3 7 2 3 9 4 5 1 2 9 9 6 5 6 3 5 4 2 
7 8 3 1 2 0 1 3 0 3 8 3 4 3 4 8 0 9 2 8 7 0 2 3 2 2 0 7 7 5 7 8 5 5 2 3 6 9 8 3 
3 5 3 8 4 5 4 1 3 8 4 8 8 9 4 8 0 2 8 8 9 6 9 6 6 3 9 3 0 5 7 3 1 5 9 7 8 5 1 5 
9 1 9 9 0 8 1 9 2 7 9 3 7 7 3 9 3 4 8 6 9 1 1 5 8 6 8 7 1 6 8 8 9 6 9 1 1 0 5 9 
2 3 8 7 6 7 1 6 1 3 8 0 9 8 1 1 7 6 6 9 1 9 6 9 1 2 9 3 8 6 2 4 4 9 8 5 0 4 1 0 
7 3 8 8 1 7 6 6 4 2 9 2 1 1 3 6 7 9 9 3 6 9 3 4 5 3 4 7 6 0 3 0 9 7 2 4 2 3 0 5 
6 2 6 1 1 3 2 8 8 3 7 2 2 6 7 1 2 8 5 2 5 4 2 1 9 6 2 9 0 9 2 4 6 3 6 0 3 3 9 1 
8 7 0 9 6 9 1 3 0 2 5 2 9 0 9 8 1 2 4 3 4 9 8 6 4 9 1 2 9 2 5 1 6 2 9 2 8 0 7 8 
6 3 2 1 8 2 6 4 1 6 1 7 4 1 7 7 8 5 7 3 4 3 1 4 7 8 2 4 6 2 6 9 1 8 4 8 9 8 5 7 
8 6 3 9 8 5 2 2 2 4 2 5 8 4 0 9 2 2 7 5 5 2 9 3 7 9 1 3 2 6 5 6 4 3 3 9 3 0 1 7 
2 0 4 5 4 4 0 9 2 8 5 8 5 3 3 7 8 0 2 2 3 0 0 2 4 3 4 0 3 8 6 3 4 9 6 6 1 5 1 9 

Resultado 2
677 759 865 781 769 1015 806 853 753 886 903 785 762 802 697 992 787 770 810 809 825 730 736 714 841 793 932 834 644 870 913 829 801 841 912 807 819 824 826 1023 
896 899 839 876 837 1116 760 771 794 883 938 781 888 817 822 1015 831 817 835 947 895 883 852 838 796 805 871 834 749 912 967 874 867 821 1002 817 904 764 843 964 
810 810 910 768 824 1044 737 857 860 925 968 844 787 801 754 1005 781 876 667 797 788 822 723 765 860 880 894 766 633 950 987 812 904 783 985 846 864 870 910 987 
901 912 1046 942 851 1119 887 862 911 992 1040 823 906 857 806 1065 851 954 813 911 971 882 843 909 896 865 1026 922 753 898 1011 876 979 912 1020 847 918 911 947 1020 
903 937 912 926 876 1130 874 887 902 1035 1046 829 926 883 900 1081 995 979 653 836 821 874 829 842 848 890 955 821 908 923 997 853 978 930 1017 944 891 870 938 1067 
694 717 663 658 704 877 538 646 697 732 732 704 771 696 730 830 663 672 585 698 625 705 693 618 690 696 817 601 684 739 857 613 636 661 867 751 760 739 672 786 
767 865 719 779 733 864 750 802 797 770 798 626 796 672 709 816 854 908 576 834 766 871 729 771 832 831 772 718 748 771 805 910 790 765 907 836 795 687 804 764 
699 697 799 645 740 840 613 625 713 785 794 607 726 611 650 848 654 770 664 750 664 748 578 685 750 684 745 623 642 721 873 651 725 654 809 653 662 728 714 827 
888 752 852 963 725 1019 645 742 711 844 895 717 921 705 822 954 812 803 756 797 775 788 730 775 830 755 774 702 742 770 874 828 915 826 944 868 754 694 739 973 
833 795 733 843 760 929 755 866 755 881 912 851 779 713 723 1001 697 869 694 872 882 697 779 686 843 775 793 805 699 817 956 775 818 800 983 800 780 858 766 917 
808 764 832 921 782 1058 758 836 813 841 922 741 870 739 823 1010 866 888 685 873 850 741 792 797 832 741 862 767 771 873 969 761 931 842 995 848 788 805 810 1014 
831 862 909 784 854 991 671 840 868 946 1856 821 871 886 817 980 809 881 1482 0 805 811 817 779 853 820 950 809 726 902 974 760 801 845 977 848 802 854 767 964 
724 748 658 699 679 919 659 663 726 747 771 788 698 716 795 800 604 682 524 785 707 622 657 673 736 684 732 681 612 717 869 726 644 640 907 803 784 791 814 805 
789 856 782 894 798 1055 857 832 861 866 967 802 832 726 713 1008 815 794 642 826 833 823 751 770 848 862 841 722 708 804 955 874 858 818 986 816 653 779 865 1032 
854 909 854 981 862 1011 785 754 880 851 935 718 935 748 757 1018 841 914 694 842 805 979 915 789 871 899 964 699 761 886 955 777 928 812 1031 870 798 683 862 971 
894 958 873 926 870 1110 740 770 897 858 997 842 893 793 838 1155 717 955 689 883 845 870 923 761 826 869 882 813 800 864 1053 754 939 815 1063 825 904 878 916 1027 
537 667 574 589 627 689 560 662 604 704 650 613 587 538 644 799 720 584 499 703 586 577 553 590 587 615 620 628 592 650 685 581 635 624 631 674 662 625 646 782 
562 747 684 630 692 862 611 717 706 702 835 710 755 701 675 775 666 663 590 800 670 770 591 676 669 704 697 653 1328 800 790 641 737 652 772 1448 655 712 684 822 
792 681 753 812 721 934 575 772 733 699 751 713 751 696 698 876 699 735 713 716 700 728 767 754 798 775 830 676 615 809 808 636 762 758 878 802 724 645 652 868 
814 817 859 996 766 1129 811 838 852 947 1888 0 919 889 804 990 877 748 740 957 910 736 803 823 882 804 929 850 698 902 922 899 869 862 1060 888 774 799 873 1037 
943 952 957 960 915 1091 798 915 974 904 1021 832 1012 861 913 1112 972 969 1566 0 952 904 863 915 1039 1008 949 859 821 1001 1067 931 972 888 1097 977 883 853 985 1118 
922 818 956 1832 876 1064 778 900 867 945 913 887 858 827 821 1025 786 839 859 869 797 782 868 827 858 810 962 833 688 1830 941 1722 0 886 975 883 883 818 842 988 
715 813 689 746 758 895 654 829 797 780 817 811 701 798 669 1005 805 730 713 857 845 728 773 720 854 862 842 806 561 949 901 759 716 771 878 898 832 780 722 921 
865 897 961 1980 809 1124 831 918 933 1029 1083 854 897 828 841 1131 1672 0 782 900 1005 894 888 781 952 892 940 852 846 925 1049 772 982 854 1089 823 965 832 1772 1087 
966 911 892 914 819 1088 795 969 863 869 1050 749 872 872 823 1055 930 927 781 911 954 885 816 908 913 967 900 923 747 985 944 948 977 892 981 905 920 790 890 1018 
929 883 899 901 837 1056 819 955 944 912 1053 841 911 759 851 1023 877 922 719 828 933 786 774 782 970 878 921 878 812 842 1076 924 966 804 1029 878 749 813 878 995 
866 882 841 1013 714 1127 708 745 829 802 1019 783 885 827 894 1098 744 834 751 993 838 832 848 774 803 790 856 832 831 844 924 777 944 851 971 899 854 878 876 1016 
741 789 886 869 839 1058 822 886 856 864 947 822 908 785 771 1023 804 863 786 985 898 834 834 871 832 796 986 785 753 952 992 822 904 830 989 920 931 881 825 970 
846 838 837 961 765 1105 767 861 822 899 958 790 914 890 813 1010 901 769 745 977 831 850 808 831 856 889 889 832 736 860 854 945 886 937 950 946 770 862 864 1014 
953 1034 900 1052 846 1170 839 898 1854 956 1090 842 1019 967 752 1117 904 992 762 965 967 937 932 831 941 951 945 903 797 2000 1036 1116 927 907 1214 956 895 865 934 1007 
801 678 864 937 814 994 629 755 721 821 876 723 959 738 734 1058 706 798 850 901 770 844 799 808 865 809 901 690 697 839 947 653 908 778 961 821 752 733 763 974 
779 736 850 851 776 916 681 812 758 816 882 833 825 834 713 964 735 794 727 829 733 696 737 772 813 749 875 678 619 865 903 797 829 748 866 938 773 743 695 965 
670 733 753 805 755 960 716 836 753 802 851 772 802 747 649 855 779 780 682 790 839 840 804 760 803 811 844 729 607 858 840 769 843 765 912 797 738 762 694 916 
751 732 648 725 706 878 653 704 606 771 779 698 739 708 608 1806 549 636 601 708 730 624 715 671 678 769 660 655 587 699 758 678 654 669 780 697 780 738 703 843 
633 789 669 752 739 894 667 662 775 766 835 851 820 716 693 1033 682 753 623 781 674 728 715 637 736 724 797 614 687 844 926 725 775 825 879 888 725 829 750 938 
772 726 729 829 695 909 782 855 772 773 894 800 768 735 659 874 690 867 602 820 805 679 765 689 841 791 797 718 643 835 829 894 806 817 961 864 753 883 827 875 
739 718 898 853 843 1072 684 933 853 908 900 837 857 843 761 989 934 734 743 901 800 751 718 851 872 878 983 836 636 968 942 833 928 819 941 917 722 830 778 1080 
706 754 746 775 769 893 595 706 728 781 801 736 820 727 661 934 723 778 649 687 742 711 795 685 768 712 874 633 628 795 934 672 756 695 918 837 793 660 593 900 
683 616 702 721 620 862 654 697 698 727 696 699 695 681 604 848 654 678 544 703 673 510 584 670 675 658 833 674 523 684 779 748 690 693 831 783 710 730 660 772 
855 985 925 882 925 1072 844 911 885 941 965 833 910 790 872 996 878 951 861 1002 922 985 919 910 977 950 934 873 841 939 1000 980 890 852 1058 939 973 844 937 1044 

